174670
176351
105120
127744
8640
62952
126368
134182
64851
453668
147357
127819
95491
404641
6681
9711
242318
13842
135373
32164
136104
143997
214857
234852
296370
305696
310008
474828
352064
383983
375281
375369
380465
381261
416329
440004
444306
460038
85172
469520
471078
478310
482299
488750
490017
490630
493948
494776
495005
496246
496251
496923
496963
497488
497740
497924
498439
500321
501607
501711
502329
503049
503650
99649489
99649842
99672492
99676378
99681621
99683461
99696517
99697943
99704923
99706801
99710118
99711068
99711282
99712381
99712440
99712944
99713720
99714149
99714301
99716589
99717723
99717790
99526804
128039
9111493
9448743
9841506
11782800
12624788
66268454
98010575
98013578
98055326
98059802
98084109
98156968
98157226
98216297
98252900
98268491
98315856
98325277
98387002
98547862
98565327
98895412
98902674
98905870
98915607
98929677
99014057
99066859
99324880
99345598
99372706
99447532
99464337
99475881
99482869
99488041
99542210
99555349
99570908
99571198
99578663
99579693
99609180
99620712
99622935
99638198
99640937
99643596
99649489
99649842
99662276
99664130
99672492
99676378
99679543
99681621
99683461
99696517
99697943
99704923
99706128
99706801
99710118
99711068
99711282
99712381
99712440
99712944
99713062
99713720
99714149
99714301
99714870
99716589
99717723
99717790
99718387
99719212
99719819
99721048
99722998
99723683